function desired_location = location_desired(pole1_y, pole2_y, pole3_y)

desired_location = [220, pole1_y, 50, 0;   % pole 1
                    220, pole1_y, 12, 1; 
                    220, pole1_y, 50, 1; 
                    220, pole3_y, 50, 1;    % pole 3
                    220, pole3_y, 3, 0; 
                    220, pole3_y, 50, 0; 
                    220, pole1_y, 50, 0;   % pole 1
                    220, pole1_y, 7, 1; 
                    220, pole1_y, 50, 1; 
                    220, pole2_y, 50, 1;      % pole 2
                    220, pole2_y, 4, 0; 
                    220, pole2_y, 50, 0; 
                    220, pole3_y, 50, 0;    % pole 3
                    220, pole3_y, 2, 1; 
                    220, pole3_y, 50, 1; 
                    220, pole2_y, 50, 1;      % pole 2
                    220, pole2_y, 7, 0; 
                    220, pole2_y, 50, 0; 
                    220, pole1_y, 50, 0;   % pole 1
                    220, pole1_y, 2, 1; 
                    220, pole1_y, 50, 1; 
                    220, pole3_y, 50, 1;    % pole 3
                    220, pole3_y, 3, 0; 
                    220, pole3_y, 50, 0; 
                    220, pole2_y, 50, 0;      % pole 2
                    220, pole2_y, 7, 1; 
                    220, pole2_y, 50, 1; 
                    220, pole1_y, 50, 1;   % pole 1
                    220, pole1_y, 2, 0; 
                    220, pole1_y, 50, 0; 
                    220, pole2_y, 50, 0;      % pole 2
                    220, pole2_y, 1, 1; 
                    220, pole2_y, 50, 1; 
                    220, pole3_y, 50, 1;    % pole 3
                    220, pole3_y, 7, 0; 
                    220, pole3_y, 50, 0; 
                    220, pole1_y, 50, 0;   % pole 1
                    220, pole1_y, 3, 1; 
                    220, pole1_y, 50, 1; 
                    220, pole3_y, 50, 1;    % pole 3
                    220, pole3_y, 14, 0; 
                    220, pole3_y, 50, 0; 
                    220, 0, 50, 0];